scorer.add_top_seq([0,1,3,0,0,0,0,0,1,1,0,1,0,0,1,0,0,0,0,0,1,1,3,3,2,3,3,2,2,3,2,2,2,2,2,3,3,3,3,1,0,3,1,0,3,3,0,3,1,3])       01300000110100100000113323322322222333310310330313
scorer.add_top_seq([0,3,1,0,0,0,0,0,0,1,1,0,2,0,2,0,3,0,3,2,3,1,2,1,2,1,2,3,3,1,3,2,2,3,2,3,2,2,1,0,0,1,1,3,0,2,0,1,3,1])       03100000011020203032312121233132232322100113020131
scorer.add_top_seq([0,3,1,3,0,0,0,0,0,0,0,1,2,0,2,0,3,3,3,3,3,1,1,1,2,1,1,2,1,1,2,2,2,2,2,1,2,1,1,3,0,1,3,1,0,3,0,1,3,2])       03130000000120203333311121121122222121130131030132
scorer.add_top_seq([0,1,3,1,0,0,0,0,1,1,0,1,0,0,2,0,3,0,0,3,1,3,3,3,2,3,3,2,3,3,2,2,3,2,2,3,3,3,3,1,0,3,1,0,2,3,2,3,1,0])       01310000110100203003133323323322322333310310232310
scorer.add_top_seq([0,3,1,2,0,0,0,0,0,1,1,0,0,2,0,0,3,3,3,3,3,2,3,1,2,1,3,2,1,2,1,1,2,2,2,3,2,2,1,1,1,1,3,1,2,3,0,1,3,0])       03120000011002003333323121321211222322111131230130
scorer.add_top_seq([0,1,3,0,0,0,0,0,1,0,1,1,2,0,0,1,3,3,3,3,1,3,3,3,2,3,1,2,1,1,2,2,2,2,2,2,2,2,3,2,0,3,1,0,2,1,0,3,2,3])       01300000101120013333133323121122222222320310210323
scorer.add_top_seq([0,1,3,0,0,0,0,0,0,1,1,1,2,0,2,0,0,0,0,0,1,2,3,3,2,3,1,2,3,3,1,1,1,2,2,2,2,1,2,2,0,3,3,1,0,3,0,3,2,1])       01300000011120200000123323123311122221220331030321
scorer.add_top_seq([0,1,3,1,0,0,0,0,1,1,0,1,1,0,0,0,0,3,3,3,1,3,3,3,2,3,3,2,3,3,3,2,1,2,3,3,2,2,3,1,3,3,1,3,0,1,0,3,1,3])       01310000110110000333133323323332123322313313010313
scorer.add_top_seq([0,1,3,0,0,0,0,0,1,0,1,1,2,0,0,0,0,3,0,0,1,3,2,3,2,3,2,2,1,2,1,2,2,2,2,2,3,2,1,1,3,2,1,3,1,3,2,3,1,1])       01300000101120000300132323221212222232113213132311
scorer.add_top_seq([3,3,0,0,0,0,0,0,1,1,1,1,0,2,0,0,3,3,3,3,1,3,3,2,2,3,2,2,3,2,2,3,2,2,3,2,2,2,3,1,3,3,1,3,1,1,3,3,1,0])       33000000111102003333133223223223223222313313113310
scorer.add_top_seq([0,3,1,2,0,0,0,1,1,1,0,1,0,2,2,0,1,1,3,3,1,2,3,1,2,1,3,2,1,1,2,3,3,2,1,1,1,3,2,1,3,3,3,3,3,3,3,1,3,3])       03120001110102201133123121321123321113213333333133
scorer.add_top_seq([0,3,1,0,0,0,0,0,2,1,1,1,2,0,2,0,3,3,3,3,3,1,1,1,2,1,2,1,1,2,1,2,2,2,1,2,2,2,3,3,1,1,3,3,0,3,1,3,3,1])       03100000211120203333311121211212221222331133031331
scorer.add_top_seq([0,0,0,2,0,0,0,0,0,1,1,1,2,2,2,2,0,3,0,3,3,2,3,3,2,1,2,2,1,3,2,1,3,2,1,3,2,1,2,0,1,1,3,1,1,3,3,1,3,1])       00020000011122220303323321221321321321201131133131
scorer.add_top_seq([0,3,1,0,0,0,0,0,0,1,1,1,2,2,2,0,0,3,3,0,3,1,1,1,2,1,1,2,1,1,1,1,2,1,1,1,2,2,1,3,1,1,2,1,0,1,0,1,3,1])       03100000011122200330311121121111211122131121010131
scorer.add_top_seq([0,1,3,0,0,0,0,0,1,1,1,1,0,0,2,0,0,0,3,0,1,3,3,3,2,3,3,2,3,3,3,2,2,2,2,3,3,2,3,1,0,3,1,0,3,3,1,3,1,3])       01300000111100200030133323323332222332310310331313
scorer.add_top_seq([0,1,3,0,0,0,0,0,1,1,1,1,2,0,0,0,0,3,3,0,1,2,1,3,2,3,3,2,3,2,2,2,1,2,3,3,2,2,3,1,0,3,1,0,3,1,0,3,2,3])       01300000111120000330121323323222123322310310310323
scorer.add_top_seq([0,1,3,1,0,0,0,0,1,0,0,1,2,1,3,0,0,0,0,0,1,3,3,3,2,3,3,2,3,3,2,2,3,2,2,3,3,3,3,1,3,3,1,3,0,2,0,3,1,3])       01310000100121300000133323323322322333313313020313
scorer.add_top_seq([0,0,0,2,0,0,0,0,1,1,1,1,0,0,2,0,3,3,0,0,3,2,3,3,2,1,1,2,1,2,2,1,3,2,1,3,2,1,3,1,1,1,3,3,1,1,2,3,0,1])       00020000111100203300323321121221321321311133112301
scorer.add_top_seq([0,1,3,1,0,0,0,0,1,1,1,1,0,1,0,0,0,1,1,3,1,3,3,3,2,2,3,2,3,3,2,3,3,2,2,3,2,3,3,1,3,3,1,3,3,3,3,3,1,3])       01310000111101000113133322323323322323313313333313
scorer.add_top_seq([0,3,1,0,0,3,0,0,0,3,1,0,0,0,0,0,3,3,3,3,3,3,1,1,2,1,1,2,1,1,1,1,1,2,2,1,2,1,1,3,1,1,3,1,3,2,1,1,3,1])       03100300031000003333331121121111122121131131321131
scorer.add_top_seq([0,3,1,3,0,0,0,3,3,1,1,1,2,1,2,1,3,3,3,0,3,3,1,1,2,1,1,2,1,1,2,2,3,2,1,1,2,2,2,3,1,1,3,3,2,3,0,1,3,0])       03130003311121213330331121121122321122231133230130
scorer.add_top_seq([0,1,3,2,0,0,0,0,1,1,1,1,2,0,2,2,0,3,0,3,2,2,1,3,2,3,3,3,1,3,1,2,3,2,3,2,1,2,2,2,0,3,1,3,0,3,2,0,1,3])       01320000111120220303221323331312323212220313032013
scorer.add_top_seq([0,1,3,1,0,0,0,0,1,1,1,3,2,2,2,0,0,0,0,0,3,3,2,3,2,2,2,2,1,3,2,3,1,0,2,3,2,1,3,2,3,3,0,3,2,2,0,3,1,1])       01310000111322200000332322221323102321323303220311
scorer.add_top_seq([0,0,3,0,0,0,0,0,1,1,0,1,2,0,0,0,3,3,0,0,3,3,3,3,3,3,3,3,3,3,3,1,3,2,3,3,3,3,2,3,3,1,3,3,3,1,3,3,1,1])       00300000110120003300333333333331323333233133313311
scorer.add_top_seq([0,3,0,0,0,0,0,0,1,1,1,0,2,0,0,3,3,3,3,1,3,2,1,1,2,1,2,2,1,2,1,1,2,2,1,2,3,1,3,3,1,1,3,1,0,3,0,1,3,0])       03000000111020033331321121221211221231331131030130
scorer.add_top_seq([2,0,3,2,0,1,2,3,3,0,1,0,1,3,0,3,1,2,3,1,3,2,1,0,3,1,3,1,0,3,3,3,0,0,0,0,3,2,2,0,3,2,3,1,1,3,3,1,1,3])       20320123301013031231321031310333000032203231133113
scorer.add_top_seq([0,1,3,0,0,0,0,0,1,1,1,1,3,0,2,0,3,1,0,1,1,3,3,3,2,3,3,2,3,3,2,2,3,2,2,3,2,2,3,2,0,3,1,3,3,2,3,3,2,0])       01300000111130203101133323323322322322320313323320
scorer.add_top_seq([0,0,3,0,0,0,0,0,1,1,0,0,0,2,0,0,0,3,3,0,3,3,3,3,3,3,2,3,3,3,2,3,3,2,3,3,3,3,1,0,0,1,1,3,1,1,3,3,1,1])       00300000110002000330333333233323323333100113113311
scorer.add_top_seq([0,3,1,0,0,0,0,0,1,1,1,1,3,0,0,0,3,3,1,3,3,2,1,1,2,1,0,3,3,2,2,3,2,2,1,2,2,3,1,3,1,1,3,3,3,0,0,1,3,1])       03100000111130003313321121033223221223131133300131
scorer.add_top_seq([0,3,1,0,0,0,0,0,0,0,2,1,2,2,2,0,3,3,3,0,1,1,2,1,2,1,3,1,1,1,1,1,2,2,2,2,2,2,1,0,0,1,1,0,1,3,0,1,3,1])       03100000002122203330112121311111222222100110130131
scorer.add_top_seq([0,1,3,2,0,0,0,0,1,3,1,0,2,2,0,0,3,3,3,3,1,3,3,3,2,3,1,3,2,2,0,2,1,2,2,2,2,2,3,1,1,3,1,3,1,1,3,1,1,0])       01320000131022003333133323132202122222311313113110
scorer.add_top_seq([0,1,3,0,0,0,0,0,1,0,1,1,2,0,2,0,3,3,3,3,1,3,3,3,2,3,3,2,3,2,2,2,2,2,2,0,0,2,3,0,3,3,0,0,3,1,3,1,1,0])       01300000101120203333133323323222222002303300313110
scorer.add_top_seq([0,3,1,0,0,0,0,0,0,3,1,3,0,0,2,0,3,0,3,3,3,1,1,1,2,1,1,2,1,1,1,1,1,2,2,0,2,2,1,3,0,1,3,3,0,3,1,0,3,1])       03100000031300203033311121121111122022130133031031
scorer.add_top_seq([0,3,1,0,0,0,0,3,1,0,0,1,2,0,2,0,3,3,3,1,3,3,1,1,2,1,1,1,2,2,1,1,2,2,2,3,2,1,3,3,3,1,3,3,3,3,3,1,3,0])       03100003100120203331331121112211222321333133333130
scorer.add_top_seq([0,1,3,0,0,0,0,0,1,0,1,1,2,0,2,0,3,3,0,3,1,3,3,3,2,3,3,2,3,3,2,3,2,2,3,1,3,3,3,1,0,3,0,3,0,0,0,1,1,0])       01300000101120203303133323323323223133310303000110
scorer.add_top_seq([0,1,3,1,0,0,0,1,1,1,0,1,0,0,2,1,1,0,1,1,3,3,2,3,2,2,3,3,3,3,2,2,3,2,2,3,2,3,3,1,3,3,1,3,0,0,1,3,2,3])       01310001110100211011332322333322322323313313001323
scorer.add_top_seq([0,0,0,2,0,0,0,0,1,1,1,1,0,0,1,0,3,3,0,3,3,1,1,3,2,1,3,2,1,1,2,1,3,2,1,3,2,2,1,2,0,1,3,0,3,0,1,1,3,1])       00020000111100103303311321321121321322120130301131
scorer.add_top_seq([0,3,1,3,0,0,0,0,0,1,1,0,2,0,2,0,3,3,3,3,3,3,1,1,2,1,1,2,1,1,2,2,2,2,2,2,2,2,1,3,1,1,3,1,0,2,1,1,3,1])       03130000011020203333331121121122222222131131021131
scorer.add_top_seq([0,3,1,0,0,0,3,0,0,0,0,0,2,0,2,0,3,3,3,3,3,1,1,1,2,1,3,2,2,1,3,2,3,2,2,1,0,2,1,1,3,1,2,0,1,2,0,1,1,1])       03100030000020203333311121322132322102113120120111
scorer.add_top_seq([0,3,1,0,0,0,0,0,1,1,1,0,2,0,0,1,3,3,0,3,3,1,2,1,2,1,3,2,2,1,2,3,2,2,2,2,1,2,1,1,0,3,3,0,0,2,1,1,1,3])       03100000111020013303312121322123222212110330021113
scorer.add_top_seq([0,1,3,0,0,0,3,0,1,0,3,1,0,2,2,0,3,3,3,3,2,3,1,3,2,3,1,3,3,2,2,2,1,2,2,2,2,2,1,1,3,1,1,3,1,1,1,3,1,0])       01300030103102203333231323133222122222113113111310
scorer.add_top_seq([0,1,3,0,0,0,0,0,1,1,1,0,2,0,2,0,0,0,3,3,1,3,3,3,2,3,1,2,3,3,3,2,2,2,2,3,2,3,3,1,2,3,1,0,2,2,0,3,0,1])       01300000111020200033133323123332222323312310220301
scorer.add_top_seq([0,1,3,0,0,0,0,0,1,0,1,3,2,2,2,0,0,3,1,3,1,3,3,3,2,3,2,2,2,3,3,2,1,2,2,3,2,3,3,2,0,3,1,3,3,2,1,3,2,3])       01300000101322200313133323222332122323320313321323
scorer.add_top_seq([0,3,1,3,0,0,0,0,1,1,1,1,2,0,0,0,3,3,3,3,3,2,3,1,2,1,1,2,1,1,2,1,2,2,1,2,2,2,1,3,1,1,3,3,1,3,0,1,3,0])       03130000111120003333323121121121221222131133130130
scorer.add_top_seq([0,0,0,0,0,0,0,0,0,0,0,0,0,2,2,0,0,0,0,0,3,3,3,3,3,3,2,3,1,1,3,3,0,3,3,3,3,3,3,1,3,1,1,0,1,1,3,3,1,3])       00000000000002200000333333231133033333313110113313
scorer.add_top_seq([0,3,1,0,0,0,0,0,0,0,1,0,2,3,0,0,0,3,3,0,3,1,1,1,2,1,1,3,1,0,1,1,3,2,2,1,2,2,1,3,1,0,3,1,3,0,3,1,3,1])       03100000001023000330311121131011322122131031303131
scorer.add_top_seq([0,1,3,0,0,0,0,0,1,0,1,1,2,2,3,0,0,3,3,0,1,2,1,3,2,3,1,2,3,1,1,2,1,2,3,2,2,3,1,2,0,3,1,0,0,1,3,3,1,0])       01300000101122300330121323123112123223120310013310
scorer.add_top_seq([0,1,3,1,0,1,0,0,1,1,1,0,2,0,2,0,0,3,0,1,1,3,1,3,2,3,3,2,2,3,2,2,2,2,3,3,3,2,2,1,0,3,3,3,3,2,0,3,1,3])       01310100111020200301131323322322223332210333320313
scorer.add_top_seq([0,3,1,0,0,0,0,0,0,0,0,0,2,3,2,0,0,0,3,0,3,1,1,1,2,1,3,2,0,3,3,2,3,2,2,3,2,2,1,2,1,1,0,1,0,1,3,1,2,0])       03100000000023200030311121320332322322121101013120
scorer.add_top_seq([0,3,1,0,0,0,0,0,0,1,1,1,0,0,0,0,3,3,3,3,3,1,1,1,2,1,1,2,1,1,1,1,2,2,2,0,2,2,1,3,0,1,2,0,1,3,2,1,3,0])       03100000011100003333311121121111222022130120132130




~~~~~~~~ SCORING ~~~~~~~~~

15.165795889933822 00000000000002200000333333231133033333313110113313
14.4085684430512 03000000111020033331321121221211221231331131030130
14.13967258794845 01310000111101000113133322323323322323313313333313
14.0304771856496 01310001110100211011332322333322322323313313001323
13.95158481365378 03130000011020203333331121121122222222131131021131
13.580111459421804 01300000111100200030133323323332222332310310331313
13.299024730059212 00020000111100103303311321321121321322120130301131
13.221177290142807 01310000100121300000133323323322322333313313020313
13.08098223615465 01310000110110000333133323323332123322313313010313
13.08080808080808 03100000101100003333311121121111122122111131132131
13.068965517241379 01310000110100203003133323323322322333310310232310
13.022814350400555 03100000011100003333311121121111222022130120132130
13.006792058516194 03100000031300203033311121121111122022130133031031
13.004702194357366 01300000111130203101133323323322322322320313323320
12.981713688610242 03130000000120203333311121121122222121130131030132
12.712295367467783 01300000111120000330121323323222123322310310310323
12.4836293974225 33000000111102003333133223223223223222313313113310
12.041100661790319 03100300031000003333331121121111122121131131321131
11.450191570881225 01310100111020200301131323322322223332210333320313
11.366945315221177 00020000111100203300323321121221321321311133112301
11.235806339254616 03100000001023000330311121131011322122131031303131
10.91901776384535 03130000111120003333323121121121221222131133130130
10.666666666666666 00300000110002000330333333233323323333100113113311
10.63392546151167 03100100111123003033321121121111211021131131331111
10.564959944270289 03100000011122200330311121121111211122131121010131
10.46969696969697 00020000011122220303323321221321321321201131133131
10.03256704980843 01300000111020200033133323123332222323312310220301
9.897074190177637 01300000101122300330121323123112123223120310013310
9.877742946708466 01300000110100100000113323322322222333310310330313
9.654475792406826 03120000011002003333323121321211222322111131230130
9.579763148728665 03100030000020203333311121322132322102113120120111
9.535527690700105 01300000101120203303133323323323223133310303000110
9.502786485545107 01300000101322200313133323222332122323320313321323
9.388366422849181 03100000111130003313321121033223221223131133300131
9.359456635318704 01300000101120203333133323323222222002303300313110
9.219609892023684 01310000111121233333121323323322323323313313200312
9.218042493904564 01310000111322200000332322221323102321323303220311
9.186868686868687 00300000110120003300333333333331323333233133313311
8.966910484151864 03130003311121213330331121121122321122231133230130
8.924242424242424 03100003100120203331331121112211222321333133333130
8.7911877394636 03100000000023200030311121320332322322121101013120
8.716126785092301 03100000111020013303312121322123222212110330021113
8.456287008011147 03100000011020203032312121233132232322100113020131
8.420759317311042 01300000101120013333133323121122222222320310210323
8.274991292232672 03100000002122203330112121311111222222100110130131
8.270637408568444 03100000211120203333311121211212221222331133031331
7.635318704284222 01320000131022003333133323132202122222311313113110
6.898119122257053 01300030103102203333231323133222122222113113111310
6.712295367467781 01300000101120000300132323221212222232113213132311
6.225879484500174 01300000011120200000123323123311122221220331030321
5.514977359804947 01320000111120220303221323331312323212220313032013
4.924242424242425 33333333333333333333333333333333333333333333333333
4.737722048066875 03120001110102201133123121321123321113213333333133
4.721699756182515 01330010112022203330333322301111202101100330001303
4.56461163357715 10000000111122233000111211011211213211231313300311
3.9360849878091257 11111111111111111111111111111111111111111111111111
2.7603622431208636 03021001111122223003322121221211231332130132321131
0.603448275862069 20320123301013031231321031310333000032203231133113
