scorer.add_top_seq([0,3,1,0,0,0,0,0,1,0,1,1,2,0,0,0,3,0,3,3,3,1,1,1,2,1,3,2,1,3,3,2,3,2,2,3,2,3,1,3,0,1,3,0,0,2,1,1,3,0])       03100000101120003033311121321332322323130130021130
scorer.add_top_seq([0,1,3,0,0,0,0,0,1,1,1,1,0,0,0,0,0,0,0,0,1,3,3,3,2,3,3,2,3,3,2,2,2,2,2,3,3,3,3,1,0,3,1,0,0,1,3,3,1,3])       01300000111100000000133323323322222333310310013313
scorer.add_top_seq([0,0,0,2,0,0,0,0,1,0,1,1,0,0,2,0,0,3,0,3,3,2,1,3,2,1,3,2,1,1,2,1,3,2,1,3,2,1,1,3,0,1,3,3,1,3,0,1,3,1])       00020000101100200303321321321121321321130133130131
scorer.add_top_seq([0,1,3,0,0,0,0,0,1,1,1,1,0,0,2,0,0,3,3,0,1,3,3,3,2,3,3,2,3,3,3,2,2,2,2,3,3,2,3,2,0,3,1,0,3,3,3,3,2,3])       01300000111100200330133323323332222332320310333323




~~~~~~~~ SCORING ~~~~~~~~~

17.016033349366683 00020000101100200303321321321121321321130133130131
16.47138047138047 01310000111100000001123323323322223323313313313313
16.42648709315376 01300000111100000000133323323322222333310310013313
15.45983645983646 01300000111100200330133323323332222332320310333323
15.136764470097804 00000000000002200000333333231133033333313110113313
13.836459836459836 03000000111020033331321121221211221231331131030130
13.637646304312971 03100000101120003033311121321332322323130130021130
13.535994869328203 01310001110100211011332322333322322323313313001323
13.255571588904921 01310000111101000113133322323323322323313313333313
13.145903479236813 03130000011020203333331121121122222222131131021131
12.931537598204264 03100000101100003333311121121111122122111131132131
12.926887926887925 03100000031300203033311121121111122022130133031031
12.867404200737534 01300000111100200030133323323332222332310310331313
12.656244989578322 00020000111100103303311321321121321322120130301131
12.409972743306076 01310000100121300000133323323322322333313313020313
12.396825396825397 01310000110100203003133323323322322333310310232310
12.274170274170274 01300000111130203101133323323322322322320313323320
12.26887926887927 03130000000120203333311121121122222121130131030132
12.265031265031265 01310000110110000333133323323332123322313313010313
12.243225909892574 03100000011100003333311121121111222022130120132130
11.814494147827483 01300000111120000330121323323222123322310310310323
11.722462722462724 03100300031000003333331121121111122121131131321131
11.588103254769923 33000000111102003333133223223223223222313313113310
10.906525573192239 01310100111020200301131323322322223332210333320313
10.70290203623537 00020000111100203300323321121221321321311133112301
10.5345518678852 03100000001023000330311121131011322122131031303131
10.313772647105981 03100100111123003033321121121111211021131131331111
10.21115921115921 03130000111120003333323121121121221222131133130130
10.201058201058201 00300000110002000330333333233323323333100113113311
9.964566297899632 03100000011122200330311121121111211122131121010131
9.845117845117846 00020000011122220303323321221321321321201131133131
9.490299823633157 01300000111020200033133323123332222323312310220301
9.222703222703222 01300000101122300330121323123112123223120310013310
9.189033189033191 01300000110100100000113323322322222333310310330313
9.105178771845438 03100030000020203333311121322132322102113120120111
9.094596761263428 03120000011002003333323121321211222322111131230130
9.040083373416707 03100000111130003313321121033223221223131133300131
9.032708032708033 01300000101120203303133323323323223133310303000110
9.00256533589867 01300000101322200313133323222332122323320313321323
8.854737854737856 01300000101120203333133323323222222002303300313110
8.772166105499439 01310000111322200000332322221323102321323303220311
8.649029982363317 03100000000023200030311121320332322322121101013120
8.567259900593234 01310000111121233333121323323322323323313313200312
8.552990219656886 00300000110120003300333333333331323333233133313311
8.509219175885843 03130003311121213330331121121122321122231133230130
8.327080327080328 03100003100120203331331121112211222321333133333130
8.230719897386566 03100000111020013303312121322123222212110330021113
7.990540323873657 01300000101120013333133323121122222222320310210323
7.880391213724547 03100000011020203032312121233132232322100113020131
7.868205868205868 03100000211120203333311121211212221222331133031331
7.745230078563412 03100000002122203330112121311111222222100110130131
7.267436267436268 01320000131022003333133323132202122222311313113110
6.477633477633478 01300030103102203333231323133222122222113113111310
6.322430655763989 01300000101120000300132323221212222232113213132311
5.9539842873176205 01300000011120200000123323123311122221220331030321
5.172518839185506 01320000111120220303221323331312323212220313032013
4.708032708032708 33333333333333333333333333333333333333333333333333
4.631553631553631 03120001110102201133123121321123321113213333333133
4.537437870771204 01330010112022203330333322301111202101100330001303
4.265832932499599 10000000111122233000111211011211213211231313300311
3.6713163379830047 11111111111111111111111111111111111111111111111111
2.5730319063652396 03021001111122223003322121221211231332130132321131
0.5555555555555556 20320123301013031231321031310333000032203231133113
